sprite1,0,0,64,64
sprite2,0,64,64,64
sprite3,64,0,64,64
sprite4,64,64,64,64
sprite5,0,128,64,64
sprite6,64,128,64,64
sprite7,128,0,64,64
sprite8,128,64,64,64
sprite9,128,128,64,64
sprite10,0,192,64,64
sprite11,64,192,64,64
sprite12,128,192,64,64
sprite13,192,0,64,64
sprite14,192,64,64,64
sprite15,192,128,64,64
sprite16,192,192,64,64
sprite17,0,256,64,64
sprite18,64,256,64,64
sprite19,128,256,64,64
sprite20,192,256,64,64
sprite21,256,0,64,64
sprite22,256,64,64,64
sprite23,256,128,64,64
sprite24,256,192,64,64
sprite25,256,256,64,64
sprite26,0,320,64,64
sprite27,64,320,64,64
sprite28,128,320,64,64
sprite29,192,320,64,64
sprite30,256,320,64,64
sprite31,320,0,64,64
sprite32,320,64,64,64
sprite33,320,128,64,64
sprite34,320,192,64,64
sprite35,320,256,64,64
sprite36,320,320,64,64
sprite37,0,384,64,64
sprite38,64,384,64,64
sprite39,128,384,64,64
sprite40,192,384,64,64
sprite41,256,384,64,64
sprite42,320,384,64,64
sprite43,384,0,64,64
sprite44,384,64,64,64
sprite45,384,128,64,64
sprite46,384,192,64,64
sprite47,384,256,64,64
sprite48,384,320,64,64
sprite49,384,384,64,64
sprite50,0,448,64,64
sprite51,64,448,64,64
sprite52,128,448,64,64
sprite53,192,448,64,64
sprite54,256,448,64,64
sprite55,320,448,64,64
sprite56,384,448,64,64
sprite57,448,0,64,64
sprite58,448,64,64,64
sprite59,448,128,64,64
sprite60,448,192,64,64
sprite61,448,256,64,64
walkBack01,448,320,64,64
walkBack02,448,384,64,64
walkBack03,448,448,64,64
walkBack04,0,512,64,64
walkBack05,64,512,64,64
walkBack06,128,512,64,64
walkBack07,192,512,64,64
walkBack08,256,512,64,64
walkLeft01,320,512,64,64
walkLeft02,384,512,64,64
walkLeft03,448,512,64,64
walkLeft04,512,0,64,64
walkLeft05,512,64,64,64
walkLeft06,512,128,64,64
walkLeft07,512,192,64,64
walkLeft08,512,256,64,64
walkLeft09,512,320,64,64
walkFront01,512,384,64,64
walkFront02,512,448,64,64
walkFront03,512,512,64,64
walkFront04,0,576,64,64
walkFront05,64,576,64,64
walkFront06,128,576,64,64
walkFront07,192,576,64,64
walkFront08,256,576,64,64
walkFront09,320,576,64,64
walkRight01,384,576,64,64
walkRight02,448,576,64,64
walkRight03,512,576,64,64
walkRight04,576,0,64,64
walkRight05,576,64,64,64
walkRight06,576,128,64,64
walkRight07,576,192,64,64
walkRight08,576,256,64,64
walkRight09,576,320,64,64
sprite97,576,384,64,64
sprite98,576,448,64,64
sprite99,576,512,64,64
sprite100,576,576,64,64
sprite101,0,640,64,64
sprite102,64,640,64,64
sprite103,128,640,64,64
sprite104,192,640,64,64
sprite105,256,640,64,64
sprite106,320,640,64,64
sprite107,384,640,64,64
sprite108,448,640,64,64
sprite109,512,640,64,64
sprite110,576,640,64,64
sprite111,640,0,64,64
sprite112,640,64,64,64
sprite113,640,128,64,64
sprite114,640,192,64,64
sprite115,640,256,64,64
sprite116,640,320,64,64
sprite117,640,384,64,64
sprite118,640,448,64,64
sprite119,640,512,64,64
sprite120,640,576,64,64
sprite121,640,640,64,64
sprite122,0,704,64,64
sprite123,64,704,64,64
sprite124,128,704,64,64
sprite125,192,704,64,64
sprite126,256,704,64,64
sprite127,320,704,64,64
sprite128,384,704,64,64
sprite129,448,704,64,64
sprite130,512,704,64,64
sprite131,576,704,64,64
sprite132,640,704,64,64
sprite133,704,0,64,64
sprite134,704,64,64,64
sprite135,704,128,64,64
sprite136,704,192,64,64
sprite137,704,256,64,64
sprite138,704,320,64,64
sprite139,704,384,64,64
sprite140,704,448,64,64
sprite141,704,512,64,64
sprite142,704,576,64,64
sprite143,704,640,64,64
sprite144,704,704,64,64
sprite145,0,768,64,64
sprite146,64,768,64,64
sprite147,128,768,64,64
sprite148,192,768,64,64
sprite149,256,768,64,64
sprite150,320,768,64,64
sprite151,384,768,64,64
sprite152,448,768,64,64
sprite153,512,768,64,64
sprite154,576,768,64,64
sprite155,640,768,64,64
sprite156,704,768,64,64
sprite157,768,0,64,64
sprite158,768,64,64,64
sprite159,768,128,64,64
sprite160,768,192,64,64
sprite161,768,256,64,64
sprite162,768,320,64,64
sprite163,768,384,64,64
sprite164,768,448,64,64
sprite165,768,512,64,64
sprite166,768,576,64,64
sprite167,768,640,64,64
sprite168,768,704,64,64
sprite169,768,768,64,64
sprite170,0,832,64,64
sprite171,64,832,64,64
sprite172,128,832,64,64
sprite173,192,832,64,64
sprite174,256,832,64,64
sprite175,320,832,64,64
sprite176,384,832,64,64
sprite177,448,832,64,64
sprite178,512,832,64,64